climorg 2002  3 28  87     2.0   17.0   18.0    3.0    0.0    2.1    6.2  330.0
climorg 2002  3 29  88     1.0   18.0   17.0    3.0    0.0    2.3    6.1  330.0
climorg 2002  3 30  89     2.0   20.0   18.0    3.0    0.0    1.6    7.9  330.0
climorg 2002  3 31  90     3.0   12.0    5.0    1.0    0.0    1.0    9.0  330.0
climorg 2002  4  1  91     6.0   21.0   16.0    2.0    0.0    1.0   11.6  330.0
climorg 2002  4  2  92     5.0   21.0   12.0    2.0    0.0    1.9    9.3  330.0
climorg 2002  4  3  93    10.0   15.0    6.0    2.0    0.0    2.0    8.7  330.0
climorg 2002  4  4  94     8.0   20.0   14.0    2.0    0.0    1.9   12.3  330.0
climorg 2002  4  5  95     7.0   19.0   11.0    2.0    0.0    1.2   11.7  330.0
climorg 2002  4  6  96     5.0   18.0   13.0    3.0    0.0    3.5    7.0  330.0
climorg 2002  4  7  97     7.0   11.0    3.0    2.0   14.0    2.9    7.3  330.0
climorg 2002  4  8  98     3.0   18.0   18.0    4.0    0.0    2.5    6.6  330.0
climorg 2002  4  9  99     3.0   17.0   21.0    4.0    0.0    3.1    5.5  330.0
climorg 2002  4 10 100     4.0   15.0   17.0    3.0    0.0    3.5    6.3  330.0
climorg 2002  4 11 101     6.0   12.0    6.0    2.0    2.0    2.7    7.1  330.0
climorg 2002  4 12 102     6.0   16.0   16.0    3.0    0.0    3.3    8.1  330.0
climorg 2002  4 13 103     4.0   13.0    9.0    2.0    0.0    2.8    7.2  330.0
climorg 2002  4 14 104     2.0   14.0   11.0    2.0    0.0    1.1    7.5  330.0
climorg 2002  4 15 105     5.0   15.0   12.0    2.0    0.0    1.1    8.8  330.0
climorg 2002  4 16 106     0.0   17.0   20.0    2.0    0.0    1.1    7.7  330.0
climorg 2002  4 17 107     2.0   19.0   19.0    2.0    0.0    1.8    8.8  330.0
climorg 2002  4 18 108     2.0   17.0   17.0    2.0    0.0    1.8    8.4  330.0
climorg 2002  4 19 109     2.0   18.0   20.0    2.0    0.0    1.1    8.7  330.0
climorg 2002  4 20 110     2.0   19.0   17.0    2.0    0.0    0.7    8.9  330.0
climorg 2002  4 21 111     2.0   22.0   22.0    3.0    0.0    0.9    8.5  330.0
climorg 2002  4 22 112     4.0   24.0   22.0    3.0    0.0    0.9    9.4  330.0
climorg 2002  4 23 113     7.0   23.0   22.0    3.0    0.0    1.5   12.3  330.0
climorg 2002  4 24 114     7.0   26.0   23.0    3.0    0.0    0.6   13.3  330.0
climorg 2002  4 25 115     8.0   25.0   22.0    3.0    0.0    1.6   14.6  330.0
climorg 2002  4 26 116     7.0   18.0    7.0    2.0    0.0    3.2   10.9  330.0
climorg 2002  4 27 117     4.0   18.0   20.0    3.0    0.0    2.9    8.0  330.0
climorg 2002  4 28 118     9.0   20.0   16.0    3.0    1.0    4.2   11.2  330.0
climorg 2002  4 29 119     8.0   18.0   20.0    4.0    1.0    3.7    9.0  330.0
climorg 2002  4 30 120     7.0   18.0   12.0    2.0    0.0    4.5   10.6  330.0
climorg 2002  5  1 121     8.0   16.0   14.0    2.0   13.0    2.5   11.1  330.0
climorg 2002  5  2 122     4.0   16.0   14.0    2.0    2.0    1.1    9.3  330.0
climorg 2002  5  3 123     3.0   19.0   22.0    3.0    0.0    2.2    8.7  330.0
climorg 2002  5  4 124     3.0   18.0   20.0    2.0    0.0    1.4    9.1  330.0
climorg 2002  5  5 125     2.0   16.0   17.0    3.0    0.0    1.9    7.1  330.0
climorg 2002  5  6 126     2.0   17.0   16.0    2.0    0.0    1.3    8.2  330.0
climorg 2002  5  7 127     3.0   21.0   21.0    3.0    0.0    1.5    8.8  330.0
climorg 2002  5  8 128     9.0   24.0   22.0    4.0    0.0    2.4   11.6  330.0
climorg 2002  5  9 129    12.0   15.0    5.0    1.0    0.0    2.2   13.1  330.0
climorg 2002  5 10 130    11.0   14.0    4.0    1.0    6.0    2.1   12.6  330.0
climorg 2002  5 11 131    10.0   20.0   13.0    3.0    1.0    1.9   13.1  330.0
climorg 2002  5 12 132     8.0   21.0   21.0    3.0    0.0    1.9   11.1  330.0
climorg 2002  5 13 133    10.0   21.0   10.0    3.0    7.0    3.4   12.1  330.0
climorg 2002  5 14 134    10.0   19.0   15.0    2.0    1.0    3.4   13.0  330.0
climorg 2002  5 15 135     6.0   25.0   26.0    4.0    0.0    0.9   12.0  330.0
climorg 2002  5 16 136    12.0   31.0   26.0    6.0    0.0    2.2   11.8  330.0
climorg 2002  5 17 137    13.0   24.0    9.0    4.0    0.0    2.6   12.8  330.0
climorg 2002  5 18 138     7.0   22.0   21.0    4.0    0.0    2.6   10.6  330.0
climorg 2002  5 19 139    12.0   23.0   18.0    3.0    0.0    2.6   14.8  330.0
climorg 2002  5 20 140    14.0   26.0   22.0    4.0    2.0    2.3   15.9  330.0
climorg 2002  5 21 141    13.0   24.0   18.0    4.0    3.0    2.8   14.7  330.0
climorg 2002  5 22 142    11.0   20.0   17.0    4.0    2.0    3.5   11.8  330.0
climorg 2002  5 23 143     7.0   21.0   21.0    4.0    0.0    2.7   10.4  330.0
climorg 2002  5 24 144    10.0   20.0   14.0    3.0    1.0    3.7   11.8  330.0
climorg 2002  5 25 145     9.0   20.0   23.0    4.0    0.0    3.3   10.9  330.0
climorg 2002  5 26 146    10.0   18.0   20.0    3.0    5.0    3.9   11.0  330.0
climorg 2002  5 27 147     9.0   18.0   15.0    3.0    9.0    2.7   11.7  330.0
climorg 2002  5 28 148     9.0   18.0   10.0    2.0    3.0    3.0   12.2  330.0
climorg 2002  5 29 149     7.0   18.0   14.0    3.0    0.0    1.9    9.8  330.0
climorg 2002  5 30 150     6.0   25.0   28.0    3.0    0.0    1.0   10.9  330.0
climorg 2002  5 31 151    12.0   29.0   27.0    4.0    0.0    1.4   14.5  330.0
climorg 2002  6  1 152    11.0   31.0   27.0    5.0    0.0    1.6   12.9  330.0
climorg 2002  6  2 153    14.0   25.0   28.0    5.0    0.0    1.2   13.6  330.0
climorg 2002  6  3 154    11.0   23.0   27.0    4.0    0.0    1.9   14.5  330.0
climorg 2002  6  4 155     9.0   16.0   25.0    3.0    0.0    1.6   10.1  330.0
climorg 2002  6  5 156     7.0   21.0   28.0    2.0    0.0    3.0   12.5  330.0
climorg 2002  6  6 157    10.0   22.0   28.0    3.0    0.0    2.5   11.1  330.0
climorg 2002  6  7 158    10.0   21.0   26.0    4.0    0.0    3.2   12.0  330.0
climorg 2002  6  8 159    11.0   18.0   23.0    3.0    1.0    2.5   12.2  330.0
climorg 2002  6  9 160    11.0   21.0   10.0    2.0    1.0    3.1   14.2  330.0
climorg 2002  6 10 161    12.0   20.0   17.0    3.0    0.0    3.6   11.8  330.0
climorg 2002  6 11 162    10.0   23.0   20.0    2.0    0.0    3.2   14.1  330.0
climorg 2002  6 12 163    13.0   25.0   10.0    3.0    9.0    2.8   15.8  330.0
climorg 2002  6 13 164    10.0   32.0   27.0    3.0    0.0    2.2   18.1  330.0
climorg 2002  6 14 165    15.0   27.0   20.0    4.0    0.0    2.0   17.9  330.0
climorg 2002  6 15 166    12.0   31.0    9.0    4.0    1.0    1.8   17.2  330.0
climorg 2002  6 16 167    16.0   35.0    6.0    5.0    7.0    1.1   18.6  330.0
climorg 2002  6 17 168    17.0   28.0   25.0    6.0    0.0    1.4   15.0  330.0
climorg 2002  6 18 169    16.0   25.0   11.0    4.0    7.0    2.2   15.7  330.0
climorg 2002  6 19 170    15.0   22.0   14.0    4.0    0.0    1.8   14.3  330.0
climorg 2002  6 20 171    12.0   28.0    6.0    3.0    0.0    1.7   18.7  330.0
climorg 2002  6 21 172    10.0   30.0   27.0    4.0    0.0    1.3   14.7  330.0
climorg 2002  6 22 173    12.0   26.0   29.0    5.0    0.0    1.8   14.1  330.0
climorg 2002  6 23 174     9.0   26.0   25.0    5.0    0.0    2.0   11.4  330.0
climorg 2002  6 24 175     9.0   27.0   22.0    5.0    0.0    2.2   11.1  330.0
climorg 2002  6 25 176    10.0   28.0   29.0    5.0    0.0    1.5   11.4  330.0
climorg 2002  6 26 177     9.0   26.0   29.0    5.0    0.0    1.7   11.2  330.0
climorg 2002  6 27 178     5.0   24.0   30.0    4.0    0.0    2.2    9.6  330.0
climorg 2002  6 28 179     5.0   25.0   25.0    4.0    0.0    2.1    8.2  330.0
climorg 2002  6 29 180    10.0   26.0   28.0    4.0    0.0    1.5   10.1  330.0
climorg 2002  6 30 181    12.0   18.0   22.0    5.0    0.0    1.9    9.4  330.0
climorg 2002  7  1 182    13.0   22.0   12.0    2.0    1.0    3.8   15.4  330.0
climorg 2002  7  2 183    13.0   21.0   15.0    4.0    0.0    3.9   12.4  330.0
climorg 2002  7  3 184    10.0   24.0   18.0    4.0    0.0    4.1   13.9  330.0
climorg 2002  7  4 185     9.0   18.0   25.0    4.0    0.0    2.3    9.6  330.0
climorg 2002  7  5 186    13.0   20.0   27.0    2.0    0.0    2.9   16.3  330.0
climorg 2002  7  6 187     9.0   24.0   21.0    3.0    0.0    1.7   14.1  330.0
climorg 2002  7  7 188     8.0   28.0   20.0    3.0    0.0    1.6   13.4  330.0
climorg 2002  7  8 189    14.0   20.0   18.0    4.0    0.0    2.0   12.2  330.0
climorg 2002  7  9 190    11.0   22.0   18.0    3.0    0.0    3.1   13.3  330.0
climorg 2002  7 10 191     7.0   24.0   12.0    4.0    1.0    2.7   10.6  330.0
climorg 2002  7 11 192    13.0   22.0   17.0    4.0    0.0    1.7   11.6  330.0
climorg 2002  7 12 193    12.0   24.0   11.0    3.0    2.0    2.0   14.0  330.0
climorg 2002  7 13 194     8.0   26.0   17.0    5.0    4.0    3.5   10.3  330.0
climorg 2002  7 14 195     9.0   28.0   21.0    5.0    2.0    1.9   10.0  330.0
climorg 2002  7 15 196    12.0   29.0   19.0    6.0    0.0    2.9   10.6  330.0
